
Opponents by Round
 1: play: [11, 9, 7, 10, 8, 12, 4, 6], no play: [2, 3, 5]
 2: play: [9, 12, 11, 3, 10, 7, 5, 8], no play: [1, 4, 6]
 3: play: [5, 8, 12, 2, 9, 6, 11, 10], no play: [1, 4, 7]
 4: play: [6, 7, 8, 5, 11, 10, 1, 12], no play: [2, 3, 9]
 5: play: [3, 6, 10, 4, 12, 9, 2, 11], no play: [1, 7, 8]
 6: play: [4, 5, 9, 11, 7, 3, 12, 1], no play: [2, 8, 10]
 7: play: [12, 4, 1, 8, 6, 2, 10, 9], no play: [3, 5, 11]
 8: play: [10, 3, 4, 7, 1, 11, 9, 2], no play: [5, 6, 12]
 9: play: [2, 1, 6, 12, 3, 5, 8, 7], no play: [4, 10, 11]
10: play: [8, 11, 5, 1, 2, 4, 7, 3], no play: [6, 9, 12]
11: play: [1, 10, 2, 6, 4, 8, 3, 5], no play: [7, 9, 12]
12: play: [7, 2, 3, 9, 5, 1, 6, 4], no play: [8, 10, 11]

               Opponent Stats
    Min  Max  Median  Mean    Ref    Err
    ---  ---  ------  -----  -----  -----
 1:   4   12    8.50   8.38   8.50  -0.12
 2:   3   12    8.50   8.12   8.14  -0.01
 3:   2   12    8.50   7.88   7.77   0.10
 4:   1   12    7.50   7.50   7.41   0.09
 5:   2   12    7.50   7.12   7.05   0.08
 6:   1   12    6.00   6.50   6.68  -0.18
 7:   1   12    7.00   6.50   6.32   0.18
 8:   1   11    5.50   5.88   5.95  -0.08
 9:   1   12    5.50   5.50   5.59  -0.09
10:   1   11    4.50   5.12   5.23  -0.10
11:   1   10    4.50   4.88   4.86   0.01
12:   1    9    4.50   4.62   4.50   0.12

Slope (for Mean)
- Reference: -0.36
- Actual:    -0.36
- Diff:      0.5%

Extrapolated Mean
- Range:     8.49 - 4.51

Linearity
- R-Sqaured: 0.992

Fairness
- SE Sum:    0.148
- RMSE:      0.111
7,12,8,10,2,9,4,6,3,5,1,11
4,7,10,11,5,6,3,8,2,12,1,9
6,9,2,11,5,10,3,12,4,8,1,7
9,12,7,8,2,3,4,5,6,11,1,10
3,9,6,7,5,12,4,11,2,10,1,8
2,7,4,10,5,9,8,11,3,6,1,12
8,9,7,10,6,12,3,11,2,5,1,4
5,11,7,9,2,8,3,10,4,12,1,6
