
Opponents by Round
 1: play: [12, 6, 11, 9, 13, 8, 10, 14], no play: [2, 3, 4, 5, 7]
 2: play: [14, 11, 13, 7, 10, 12, 9, 4], no play: [1, 3, 5, 6, 8]
 3: play: [11, 13, 12, 5, 6, 14, 7, 8], no play: [1, 2, 4, 9, 10]
 4: play: [9, 8, 14, 12, 5, 10, 13, 2], no play: [1, 3, 6, 7, 11]
 5: play: [10, 14, 7, 3, 4, 11, 8, 12], no play: [1, 2, 6, 9, 13]
 6: play: [7, 1, 8, 13, 3, 9, 14, 11], no play: [2, 4, 5, 10, 12]
 7: play: [6, 9, 5, 2, 14, 13, 3, 10], no play: [1, 4, 8, 11, 12]
 8: play: [13, 4, 6, 14, 12, 1, 5, 3], no play: [2, 7, 9, 10, 11]
 9: play: [4, 7, 10, 1, 11, 6, 2, 13], no play: [3, 5, 8, 12, 14]
10: play: [5, 12, 9, 11, 2, 4, 1, 7], no play: [3, 6, 8, 13, 14]
11: play: [3, 2, 1, 10, 9, 5, 12, 6], no play: [4, 7, 8, 13, 14]
12: play: [1, 10, 3, 4, 8, 2, 11, 5], no play: [6, 7, 9, 13, 14]
13: play: [8, 3, 2, 6, 1, 7, 4, 9], no play: [5, 10, 11, 12, 14]
14: play: [2, 5, 4, 8, 7, 3, 6, 1], no play: [9, 10, 11, 12, 13]

               Opponent Stats
    Min  Max  Median  Mean    Ref    Err
    ---  ---  ------  -----  -----  -----
 1:   6   14   10.50  10.38  10.50  -0.12
 2:   4   14   10.50  10.00  10.04  -0.04
 3:   5   14    9.50   9.50   9.58  -0.08
 4:   2   14    9.50   9.12   9.12   0.01
 5:   3   14    9.00   8.62   8.65  -0.03
 6:   1   14    8.50   8.25   8.19   0.06
 7:   2   14    7.50   7.75   7.73   0.02
 8:   1   14    5.50   7.25   7.27  -0.02
 9:   1   13    6.50   6.75   6.81  -0.06
10:   1   12    6.00   6.38   6.35   0.03
11:   1   12    5.50   6.00   5.88   0.12
12:   1   11    4.50   5.50   5.42   0.08
13:   1    9    5.00   5.00   4.96   0.04
14:   1    8    4.50   4.50   4.50   0.00

Slope (for Mean)
- Reference: -0.46
- Actual:    -0.45
- Diff:      2.1%

Extrapolated Mean
- Range:     10.44 - 4.56

Linearity
- R-Sqaured: 0.999

Fairness
- SE Sum:    0.053
- RMSE:      0.061
4,9,3,11,8,13,2,14,6,7,5,10,1,12
7,9,4,8,3,13,10,12,5,14,2,11,1,6
9,10,2,13,4,14,6,8,3,12,5,7,1,11
8,14,10,11,6,13,3,5,4,12,2,7,1,9
2,10,9,11,8,12,3,6,1,13,4,5,7,14
4,10,3,14,6,9,5,11,7,13,2,12,1,8
11,12,6,14,3,7,4,13,1,10,2,9,5,8
9,13,5,12,1,14,7,10,6,11,3,8,2,4
