
Opponents by Round
 1: play: [11, 7, 9, 13, 8, 10, 14, 12], no play: [2, 3, 4, 5, 6]
 2: play: [8, 6, 11, 12, 13, 7, 9, 14], no play: [1, 3, 4, 5, 10]
 3: play: [12, 14, 10, 7, 4, 11, 5, 13], no play: [1, 2, 6, 8, 9]
 4: play: [13, 9, 12, 10, 3, 14, 6, 5], no play: [1, 2, 7, 8, 11]
 5: play: [10, 13, 8, 11, 14, 6, 3, 4], no play: [1, 2, 7, 9, 12]
 6: play: [14, 2, 13, 8, 9, 5, 4, 11], no play: [1, 3, 7, 10, 12]
 7: play: [9, 1, 14, 3, 11, 2, 12, 10], no play: [4, 5, 6, 8, 13]
 8: play: [2, 12, 5, 6, 1, 13, 10, 9], no play: [3, 4, 7, 11, 14]
 9: play: [7, 4, 1, 14, 6, 12, 2, 8], no play: [3, 5, 10, 11, 13]
10: play: [5, 11, 3, 4, 12, 1, 8, 7], no play: [2, 6, 9, 13, 14]
11: play: [1, 10, 2, 5, 7, 3, 13, 6], no play: [4, 8, 9, 12, 14]
12: play: [3, 8, 4, 2, 10, 9, 7, 1], no play: [5, 6, 11, 13, 14]
13: play: [4, 5, 6, 1, 2, 8, 11, 3], no play: [7, 9, 10, 12, 14]
14: play: [6, 3, 7, 9, 5, 4, 1, 2], no play: [8, 10, 11, 12, 13]

               Opponent Stats
    Min  Max  Median  Mean    Ref    Err
    ---  ---  ------  -----  -----  -----
 1:   7   14   10.50  10.50  10.50   0.00
 2:   6   14   10.00  10.00  10.04  -0.04
 3:   4   14   10.50   9.50   9.58  -0.08
 4:   3   14    9.50   9.00   9.12  -0.12
 5:   3   14    9.00   8.62   8.65  -0.03
 6:   2   14    8.50   8.25   8.19   0.06
 7:   1   14    9.50   7.75   7.73   0.02
 8:   1   13    7.50   7.25   7.27  -0.02
 9:   1   14    6.50   6.75   6.81  -0.06
10:   1   12    6.00   6.38   6.35   0.03
11:   1   13    5.50   5.88   5.88  -0.01
12:   1   10    5.50   5.50   5.42   0.08
13:   1   11    4.50   5.00   4.96   0.04
14:   1    9    4.50   4.62   4.50   0.12

Slope (for Mean)
- Reference: -0.46
- Actual:    -0.45
- Diff:      2.1%

Extrapolated Mean
- Range:     10.44 - 4.56

Linearity
- R-Sqaured: 0.999

Fairness
- SE Sum:    0.053
- RMSE:      0.061
5,10,6,14,7,9,4,13,3,12,2,8,1,11
10,11,4,9,8,12,3,14,5,13,2,6,1,7
2,11,4,12,5,8,3,10,7,14,6,13,1,9
6,8,9,14,2,12,5,11,4,10,3,7,1,13
10,12,6,9,3,4,2,13,7,11,1,8,5,14
9,12,8,13,2,7,4,14,3,11,5,6,1,10
8,10,4,6,3,5,2,9,1,14,7,12,11,13
4,5,6,11,7,10,2,14,3,13,1,12,8,9
