
Opponents by Round
 1: play: [12, 15, 9, 14, 11, 13, 16, 10], no play: [2, 3, 4, 5, 6, 7, 8]
 2: play: [15, 11, 13, 7, 12, 16, 14, 8], no play: [1, 3, 4, 5, 6, 9, 10]
 3: play: [10, 9, 14, 13, 8, 7, 15, 16], no play: [1, 2, 4, 5, 6, 11, 12]
 4: play: [5, 10, 16, 9, 15, 14, 12, 6], no play: [1, 2, 3, 7, 8, 11, 13]
 5: play: [4, 13, 6, 16, 10, 15, 11, 7], no play: [1, 2, 3, 8, 9, 12, 14]
 6: play: [11, 14, 5, 12, 16, 8, 9, 4], no play: [1, 2, 3, 7, 10, 13, 15]
 7: play: [16, 12, 15, 2, 14, 3, 8, 5], no play: [1, 4, 6, 9, 10, 11, 13]
 8: play: [13, 16, 12, 11, 3, 6, 7, 2], no play: [1, 4, 5, 9, 10, 14, 15]
 9: play: [14, 3, 1, 4, 13, 10, 6, 15], no play: [2, 5, 7, 8, 11, 12, 16]
10: play: [3, 4, 11, 15, 5, 9, 13, 1], no play: [2, 6, 7, 8, 12, 14, 16]
11: play: [6, 2, 10, 8, 1, 12, 5, 13], no play: [3, 4, 7, 9, 14, 15, 16]
12: play: [1, 7, 8, 6, 2, 11, 4, 14], no play: [3, 5, 9, 10, 13, 15, 16]
13: play: [8, 5, 2, 3, 9, 1, 10, 11], no play: [4, 6, 7, 12, 14, 15, 16]
14: play: [9, 6, 3, 1, 7, 4, 2, 12], no play: [5, 8, 10, 11, 13, 15, 16]
15: play: [2, 1, 7, 10, 4, 5, 3, 9], no play: [6, 8, 11, 12, 13, 14, 16]
16: play: [7, 8, 4, 5, 6, 2, 1, 3], no play: [9, 10, 11, 12, 13, 14, 15]

               Opponent Stats
    Min  Max  Median  Mean    Ref    Err
    ---  ---  ------  -----  -----  -----
 1:   9   16   12.50  12.50  12.50   0.00
 2:   7   16   12.50  12.00  11.97   0.03
 3:   7   16   11.50  11.50  11.43   0.07
 4:   5   16   11.00  10.88  10.90  -0.03
 5:   4   16   10.50  10.25  10.37  -0.12
 6:   4   16   10.00   9.88   9.83   0.04
 7:   2   16   10.00   9.38   9.30   0.07
 8:   2   16    9.00   8.75   8.77  -0.02
 9:   1   15    8.00   8.25   8.23   0.02
10:   1   15    7.00   7.62   7.70  -0.08
11:   1   13    7.00   7.12   7.17  -0.04
12:   1   14    6.50   6.62   6.63  -0.01
13:   1   11    6.50   6.12   6.10   0.03
14:   1   12    5.00   5.50   5.57  -0.07
15:   1   10    4.50   5.12   5.03   0.09
16:   1    8    4.50   4.50   4.50   0.00

Slope (for Mean)
- Reference: -0.53
- Actual:    -0.53
- Diff:      -0.1%

Extrapolated Mean
- Range:     12.50 - 4.50

Linearity
- R-Sqaured: 0.999

Fairness
- SE Sum:    0.049
- RMSE:      0.055
9,14,3,10,7,16,4,5,8,13,6,11,2,15,1,12
4,10,8,16,3,9,6,14,2,11,7,12,5,13,1,15
10,11,4,16,8,12,3,14,7,15,2,13,5,6,1,9
4,9,5,16,3,13,2,7,10,15,8,11,1,14,6,12
6,16,3,8,9,13,5,10,2,12,4,15,7,14,1,11
4,14,5,15,6,8,9,10,3,7,11,12,2,16,1,13
5,11,4,12,3,15,6,9,7,8,1,16,10,13,2,14
11,13,12,14,2,8,1,10,4,6,5,7,9,15,3,16
