
Opponents by Round
 1: play: [8, 13, 15, 16, 12, 11, 9, 14], no play: [2, 3, 4, 5, 6, 7, 10]
 2: play: [14, 15, 7, 11, 9, 13, 16, 10], no play: [1, 3, 4, 5, 6, 8, 12]
 3: play: [15, 12, 16, 13, 6, 10, 14, 5], no play: [1, 2, 4, 7, 8, 9, 11]
 4: play: [16, 8, 14, 12, 15, 9, 6, 7], no play: [1, 2, 3, 5, 10, 11, 13]
 5: play: [11, 7, 8, 15, 13, 16, 10, 3], no play: [1, 2, 4, 6, 9, 12, 14]
 6: play: [9, 16, 11, 8, 3, 12, 4, 15], no play: [1, 2, 5, 7, 10, 13, 14]
 7: play: [12, 5, 2, 10, 16, 14, 11, 4], no play: [1, 3, 6, 8, 9, 13, 15]
 8: play: [1, 4, 5, 6, 14, 15, 13, 12], no play: [2, 3, 7, 9, 10, 11, 16]
 9: play: [6, 10, 13, 14, 2, 4, 1, 16], no play: [3, 5, 7, 8, 11, 12, 15]
10: play: [13, 9, 12, 7, 11, 3, 5, 2], no play: [1, 4, 6, 8, 14, 15, 16]
11: play: [5, 14, 6, 2, 10, 1, 7, 13], no play: [3, 4, 8, 9, 12, 15, 16]
12: play: [7, 3, 10, 4, 1, 6, 15, 8], no play: [2, 5, 9, 11, 13, 14, 16]
13: play: [10, 1, 9, 3, 5, 2, 8, 11], no play: [4, 6, 7, 12, 14, 15, 16]
14: play: [2, 11, 4, 9, 8, 7, 3, 1], no play: [5, 6, 10, 12, 13, 15, 16]
15: play: [3, 2, 1, 5, 4, 8, 12, 6], no play: [7, 9, 10, 11, 13, 14, 16]
16: play: [4, 6, 3, 1, 7, 5, 2, 9], no play: [8, 10, 11, 12, 13, 14, 15]

               Opponent Stats
    Min  Max  Median  Mean    Ref    Err
    ---  ---  ------  -----  -----  -----
 1:   8   16   12.50  12.25  12.50  -0.25
 2:   7   16   12.00  11.88  11.97  -0.09
 3:   5   16   12.50  11.38  11.43  -0.06
 4:   6   16   10.50  10.88  10.90  -0.03
 5:   3   16   10.50  10.38  10.37   0.01
 6:   3   16   10.00   9.75   9.83  -0.08
 7:   2   16   10.50   9.25   9.30  -0.05
 8:   1   15    9.00   8.75   8.77  -0.02
 9:   1   16    8.00   8.25   8.23   0.02
10:   2   13    8.00   7.75   7.70   0.05
11:   1   14    6.50   7.25   7.17   0.08
12:   1   15    6.50   6.75   6.63   0.12
13:   1   11    6.50   6.12   6.10   0.03
14:   1   11    5.50   5.62   5.57   0.06
15:   1   12    4.50   5.12   5.03   0.09
16:   1    9    4.50   4.62   4.50   0.12

Slope (for Mean)
- Reference: -0.53
- Actual:    -0.52
- Diff:      3.2%

Extrapolated Mean
- Range:     12.37 - 4.63

Linearity
- R-Sqaured: 1.000

Fairness
- SE Sum:    0.136
- RMSE:      0.092
6,9,10,13,4,16,7,12,5,11,3,15,2,14,1,8
4,8,3,12,5,7,9,10,11,14,6,16,2,15,1,13
10,12,9,13,4,14,5,8,3,16,6,11,2,7,1,15
7,10,9,14,6,8,5,15,3,13,2,11,1,16,4,12
7,16,8,14,3,6,5,13,2,9,10,11,4,15,1,12
7,14,6,12,4,9,3,10,8,15,5,16,2,13,1,11
4,6,3,14,7,11,12,15,8,13,5,10,1,9,2,16
11,13,6,15,9,16,4,7,2,10,8,12,3,5,1,14
