
Opponents by Round
 1: play: [9, 5, 7, 4, 3, 10, 6, 8], no play: [2]
 2: play: [6, 7, 8, 5, 9, 3, 4, 10], no play: [1]
 3: play: [7, 9, 10, 8, 1, 2, 5, 6], no play: [4]
 4: play: [10, 8, 6, 1, 7, 5, 2, 9], no play: [3]
 5: play: [8, 1, 9, 2, 10, 4, 3, 7], no play: [6]
 6: play: [2, 10, 4, 9, 8, 7, 1, 3], no play: [5]
 7: play: [3, 2, 1, 10, 4, 6, 9, 5], no play: [8]
 8: play: [5, 4, 2, 3, 6, 9, 10, 1], no play: [7]
 9: play: [1, 3, 5, 6, 2, 8, 7, 4], no play: [10]
10: play: [4, 6, 3, 7, 5, 1, 8, 2], no play: [9]

               Opponent Stats
    Min  Max  Median  Mean    Ref    Err
    ---  ---  ------  -----  -----  -----
 1:   3   10    6.50   6.50   6.50   0.00
 2:   3   10    6.50   6.50   6.28   0.22
 3:   1   10    6.50   6.00   6.06  -0.06
 4:   1   10    6.50   6.00   5.83   0.17
 5:   1   10    5.50   5.50   5.61  -0.11
 6:   1   10    5.50   5.50   5.39   0.11
 7:   1   10    4.50   5.00   5.17  -0.17
 8:   1   10    4.50   5.00   4.94   0.06
 9:   1    8    4.50   4.50   4.72  -0.22
10:   1    8    4.50   4.50   4.50   0.00

Slope (for Mean)
- Reference: -0.22
- Actual:    -0.24
- Diff:      -9.1%

Extrapolated Mean
- Range:     6.59 - 4.41

Linearity
- R-Sqaured: 0.970

Fairness
- SE Sum:    0.185
- RMSE:      0.136
1,9,2,6,5,8,4,10,3,7
6,10,3,9,1,5,2,7,4,8
4,6,5,9,2,8,1,7,3,10
2,5,7,10,1,4,3,8,6,9
6,8,5,10,4,7,1,3,2,9
8,9,4,5,6,7,1,10,2,3
1,6,2,4,3,5,8,10,7,9
2,10,3,6,1,8,5,7,4,9
