
Opponents by Round
 1: play: [6, 10, 9, 11, 12, 5, 7, 8], no play: [2, 3, 4]
 2: play: [12, 11, 8, 4, 10, 7, 9, 6], no play: [1, 3, 5]
 3: play: [4, 7, 5, 8, 6, 9, 11, 12], no play: [1, 2, 10]
 4: play: [3, 5, 11, 2, 8, 10, 12, 9], no play: [1, 6, 7]
 5: play: [9, 4, 3, 12, 7, 1, 10, 11], no play: [2, 6, 8]
 6: play: [1, 12, 10, 7, 3, 11, 8, 2], no play: [4, 5, 9]
 7: play: [11, 3, 12, 6, 5, 2, 1, 10], no play: [4, 8, 9]
 8: play: [10, 9, 2, 3, 4, 12, 6, 1], no play: [5, 7, 11]
 9: play: [5, 8, 1, 10, 11, 3, 2, 4], no play: [6, 7, 12]
10: play: [8, 1, 6, 9, 2, 4, 5, 7], no play: [3, 11, 12]
11: play: [7, 2, 4, 1, 9, 6, 3, 5], no play: [8, 10, 12]
12: play: [2, 6, 7, 5, 1, 8, 4, 3], no play: [9, 10, 11]

               Opponent Stats
    Min  Max  Median  Mean    Ref    Err
    ---  ---  ------  -----  -----  -----
 1:   5   12    8.50   8.50   8.50   0.00
 2:   4   12    8.50   8.38   8.14   0.24
 3:   4   12    7.50   7.75   7.77  -0.02
 4:   2   12    8.50   7.50   7.41   0.09
 5:   1   12    8.00   7.12   7.05   0.08
 6:   1   12    7.50   6.75   6.68   0.07
 7:   1   12    5.50   6.25   6.32  -0.07
 8:   1   12    5.00   5.88   5.95  -0.08
 9:   1   11    4.50   5.50   5.59  -0.09
10:   1    9    5.50   5.25   5.23   0.02
11:   1    9    4.50   4.62   4.86  -0.24
12:   1    8    4.50   4.50   4.50   0.00

Slope (for Mean)
- Reference: -0.36
- Actual:    -0.38
- Diff:      -5.3%

Extrapolated Mean
- Range:     8.61 - 4.39

Linearity
- R-Sqaured: 0.995

Fairness
- SE Sum:    0.153
- RMSE:      0.113
8,10,5,9,2,12,3,4,7,11,1,6
8,9,6,12,4,5,2,11,3,7,1,10
6,10,7,12,3,5,2,8,4,11,1,9
2,4,6,7,9,10,3,8,5,12,1,11
4,8,9,11,3,6,2,10,5,7,1,12
8,12,2,7,6,11,3,9,4,10,1,5
4,12,5,10,2,9,6,8,3,11,1,7
5,11,7,10,3,12,2,6,4,9,1,8
