
Opponents by Round
 1: play: [5, 6, 4, 3, 10, 9, 7, 8], no play: [2]
 2: play: [3, 4, 10, 9, 5, 7, 8, 6], no play: [1]
 3: play: [2, 9, 8, 1, 7, 6, 5, 10], no play: [4]
 4: play: [7, 2, 1, 6, 9, 8, 10, 5], no play: [3]
 5: play: [1, 8, 9, 7, 2, 10, 3, 4], no play: [6]
 6: play: [10, 1, 7, 4, 8, 3, 9, 2], no play: [5]
 7: play: [4, 10, 6, 5, 3, 2, 1, 9], no play: [8]
 8: play: [9, 5, 3, 10, 6, 4, 2, 1], no play: [7]
 9: play: [8, 3, 5, 2, 4, 1, 6, 7], no play: [10]
10: play: [6, 7, 2, 8, 1, 5, 4, 3], no play: [9]

               Opponent Stats
    Min  Max  Median  Mean    Ref    Err
    ---  ---  ------  -----  -----  -----
 1:   3   10    6.50   6.50   6.50   0.00
 2:   3   10    6.50   6.50   6.28   0.22
 3:   1   10    6.50   6.00   6.06  -0.06
 4:   1   10    6.50   6.00   5.83   0.17
 5:   1   10    5.50   5.50   5.61  -0.11
 6:   1   10    5.50   5.50   5.39   0.11
 7:   1   10    4.50   5.00   5.17  -0.17
 8:   1   10    4.50   5.00   4.94   0.06
 9:   1    8    4.50   4.50   4.72  -0.22
10:   1    8    4.50   4.50   4.50   0.00

Slope (for Mean)
- Reference: -0.22
- Actual:    -0.24
- Diff:      -9.1%

Extrapolated Mean
- Range:     6.59 - 4.41

Linearity
- R-Sqaured: 0.970

Fairness
- SE Sum:    0.185
- RMSE:      0.136
4,7,2,3,6,10,1,5,8,9
5,8,2,4,7,10,1,6,3,9
6,7,2,10,3,8,5,9,1,4
4,6,8,10,5,7,2,9,1,3
6,8,2,5,4,9,1,10,3,7
3,6,4,8,5,10,1,9,2,7
3,5,2,8,6,9,4,10,1,7
2,6,7,9,4,5,1,8,3,10
